14444.900000 : 3560 4229 4236 4239 5195 5199 5204 5724 5726 5987 5988 5990 6100
7992.000000 : 3965 4234 4237 4242 5197 5203 5705 5725
6435.000000 : 5570 5879 5914 5915 6070 6124 6146
4399.476190 : 2414 2668 2777 2966 3180 3404
2300.000000 : 5167
2286.666667 : 1637 4404
2137.500000 : 5703
2116.000000 : 3802
2096.000000 : 6142
2067.000000 : 4220
2052.500000 : 3945
2033.250000 : 1636 4403
2028.000000 : 5903
1919.000000 : 4098
1832.500000 : 4447
1809.000000 : 4032
1768.500000 : 6175
1702.000000 : 4206
1671.500000 : 4052
1665.333333 : 3624
1654.500000 : 5696
1622.500000 : 1617
1603.666667 : 4385
1568.000000 : 4871 5648
1550.333333 : 5866
1542.333333 : 1616
1494.333333 : 4230
1483.000000 : 5688
1472.128492 : 4450 4566 4834 4837 4839 4840 4845 4846 4848 4849 4851 4853 4857 4856 4858 4859 4861 4863 4864 4865 4866
1450.666667 : 6125
1410.000000 : 6042
1398.333333 : 4223
1381.333333 : 4282
1378.000000 : 6183
1370.000000 : 1634 4399
1343.333333 : 1627
1339.333333 : 1133
1338.750000 : 2225 2267
1322.666667 : 6119
1287.500000 : 6165
1269.000000 : 5649
1268.000000 : 5693
1255.000000 : 5732
1249.750000 : 3854
1249.000000 : 3852
1248.250000 : 4008
1247.250000 : 4010
1232.333333 : 4029
1228.000000 : 5950
1227.000000 : 5743
1226.000000 : 5647
1217.333333 : 5113
1215.000000 : 4806
1214.666667 : 4037
1214.666667 : 4033
1208.666667 : 4031
1205.333333 : 5717
1194.000000 : 4293
1191.000000 : 5948
1190.000000 : 4674
1185.333333 : 4038
1184.333333 : 4035
1180.000000 : 5142
1179.000000 : 4050
1174.333333 : 4030
1172.500000 : 3834
1171.000000 : 1490
1157.333333 : 4039
1157.000000 : 4040
1151.666667 : 4042
1148.000000 : 3805
1146.000000 : 5575
1142.000000 : 5889
1139.500000 : 1154
1135.000000 : 5738
1131.666667 : 4046
1129.750000 : 3562
1120.000000 : 4284
1114.333333 : 4047
1100.666667 : 2146 2266
1098.500000 : 2091
1094.333333 : 5132
1076.500000 : 786 4394
1072.000000 : 5592
1068.666667 : 4043
1064.500000 : 5367
1051.666667 : 4275
1047.333333 : 4932
1043.333333 : 3977
1039.333333 : 1628 4402
1036.333333 : 4044
1034.333333 : 4248
1029.000000 : 4698
1025.000000 : 6143
1018.000000 : 5878
1017.000000 : 2103
1014.000000 : 2227
1005.666667 : 4393
1003.500000 : 3347
1003.250000 : 2119
1003.000000 : 4386
998.000000 : 5896
997.500000 : 2098
993.333333 : 5645
993.250000 : 5902
992.666667 : 5112
984.000000 : 1485
983.000000 : 2138
981.666667 : 101
980.500000 : 1632 4396
979.000000 : 4392
974.000000 : 2095
973.666667 : 4172
970.333333 : 1626
962.000000 : 1633 4398
958.000000 : 4989
955.666667 : 4240
954.750000 : 4034
954.500000 : 3938
946.500000 : 2111
946.000000 : 5816
945.000000 : 3863
943.666667 : 4306
942.000000 : 3177
936.666667 : 1629
926.666667 : 5140
919.138889 : 4262 4810
912.500000 : 4753
912.500000 : 2130
898.333333 : 3610
897.500000 : 3970
896.466667 : 1474 4499
893.735714 : 2209 4295 4336 4337 4364 4372 4409 4476 4570 4601 4708 4784 4875 4905 5609 5746 5797 5857 5912 5974 6033 6058 6114
893.250000 : 4384
890.000000 : 4970
884.000000 : 4702
881.200000 : 5166
876.333333 : 5886
875.500000 : 2097
874.500000 : 4688
873.500000 : 2110
872.000000 : 2093
870.666667 : 4377
870.000000 : 5144
867.000000 : 3626
859.333333 : 4112
850.000000 : 4706
848.500000 : 5807
840.000000 : 2126
838.666667 : 5580
837.250000 : 5414
836.000000 : 1160
832.666667 : 5893
829.333333 : 5737
827.000000 : 4860
826.333333 : 5799
826.000000 : 2730
825.000000 : 1095
821.333333 : 1619
815.333333 : 4387
812.000000 : 5151
810.666667 : 3622
804.333333 : 4212
804.000000 : 4391
804.000000 : 1159
803.666667 : 4419
803.666667 : 1090
803.000000 : 5882
800.000000 : 5805
794.333333 : 4812
791.666667 : 4472
791.000000 : 4390
789.000000 : 2121
788.333333 : 6116
787.500000 : 2123
787.333333 : 4808
786.500000 : 4710
786.000000 : 1157
785.500000 : 3819
783.500000 : 2090
782.333333 : 4780
780.666667 : 1631
779.666667 : 5115
779.666667 : 4823
777.833333 : 5806
774.000000 : 4718
772.500000 : 1148
772.400000 : 1638
772.000000 : 5874
771.166667 : 5163
770.500000 : 72
769.666667 : 4975
766.000000 : 4732
761.666667 : 5175
760.500000 : 2120
756.166667 : 5157
755.333333 : 3735
752.000000 : 6037
752.000000 : 5830
749.250000 : 69
747.666667 : 5860
747.000000 : 4909
746.333333 : 4877
745.333333 : 5034
743.333333 : 5786
741.916667 : 2074 2240 2241 2513 2514 2515 2516 2733 2734 2735 2736 2737 2738 2739 2741 2742 2743 2744 2745 2746 2747 2749
741.000000 : 2122
738.333333 : 5875
738.333333 : 5624 5626
737.380952 : 5192 5982 5983
730.000000 : 2761
727.000000 : 2087
722.500000 : 4704
721.000000 : 4752
715.000000 : 1169
714.333333 : 5613
712.000000 : 3840
709.500000 : 4077
709.250000 : 5459
694.000000 : 5028
693.500000 : 6115
693.333333 : 5591
691.666667 : 5154
691.500000 : 4700
690.000000 : 6031
686.666667 : 5035
684.166667 : 5160
683.000000 : 5056
681.000000 : 5640
678.666667 : 3972
677.500000 : 4684
677.142857 : 5152
672.333333 : 3846
672.000000 : 5155
664.500000 : 4694
661.000000 : 5910
659.333333 : 3682
658.200000 : 4811
655.000000 : 4960
653.333333 : 4423
648.800000 : 3989
646.666667 : 5901
645.000000 : 1621
639.000000 : 4876
634.285714 : 5798
633.250000 : 5833
630.333333 : 4378
629.500000 : 3411
624.000000 : 3952
621.333333 : 5276
618.750000 : 5824
618.000000 : 68
615.428571 : 5164
613.800000 : 4192
613.500000 : 5444
613.400000 : 5208
609.000000 : 6172
603.500000 : 5984
603.500000 : 5347
603.000000 : 5158
602.000000 : 3406
601.000000 : 5352
600.750000 : 2352
600.250000 : 5883 5964
599.000000 : 4687
598.750000 : 5865
598.500000 : 5501
596.500000 : 6066
594.333333 : 4439
593.500000 : 5063
591.500000 : 5348
590.500000 : 2124
590.000000 : 5068
589.821429 : 1635 4400
588.666667 : 5337
586.000000 : 5582
585.666667 : 5053
580.666667 : 4927
579.500000 : 6138
577.666667 : 6052
577.666667 : 5895
577.000000 : 4984
576.375000 : 3971
574.333333 : 5585
570.333333 : 4388
569.750000 : 3979
562.250000 : 3294
562.000000 : 4456
560.500000 : 5168
560.333333 : 5894
560.125000 : 5777
560.000000 : 4294
559.250000 : 3974
558.500000 : 5854
554.333333 : 3629
553.000000 : 1163
549.555556 : 3990
544.000000 : 762
542.000000 : 5234
542.000000 : 4425
540.750000 : 1947
540.500000 : 5346
540.000000 : 5161
539.000000 : 5180
539.000000 : 3865
538.500000 : 2944
536.750000 : 4442
536.666667 : 5408
535.666667 : 4809
534.666667 : 3580
534.500000 : 6065
530.333333 : 3871
530.333333 : 2537
528.000000 : 5335 5336 5417 5418 5419 5420 5421 5422
524.761905 : 4114 4121
523.666667 : 5047
523.333333 : 6038
520.666667 : 5134
519.555556 : 5159
519.000000 : 3418
518.000000 : 6055
517.888889 : 3951
517.750000 : 6046
515.000000 : 6026
514.555556 : 3949
514.000000 : 5384
513.500000 : 2080
512.750000 : 5143
511.750000 : 5492
508.800000 : 5864
508.500000 : 6185
508.111111 : 3947
508.000000 : 5998
507.250000 : 4424
506.888889 : 5267
503.050000 : 1294 1295 1296 1297 1298 1299 1300 1301 1302 1303 1304 1305 1308 1307 1311 1312 1313 1314 1315 1316 1317 1318 1319 1321 1322 1323 1324 1325 1326 1331 1332 1334 1335 1336 1337 1338 1339 1340 1341 1342
502.666667 : 4135
501.000000 : 524
500.555556 : 3416
497.888889 : 5871
496.333333 : 5074
495.779800 : 1131 1533 1540 1542 1544 1545 1546 1547 1549 1550 1552 1553 1554 1555 1557 1559 1561 1562 1564 1565 4590 4591 4968 4592 4967 4593 4966 4964 5209 4963 5210 4962 5216 4961 5215 4959 5214 4958 5213 4957 5212 4956 5224 4955 5222 4954 5223 4953 5221 4952 5220 4951 5219 4950 5218
495.750000 : 1406
491.333333 : 4304
487.666667 : 3625
487.555556 : 5890
487.015873 : 759 3746 3745 3744 3763 3762 3761 3760 3759 3758 3757 3756 3755 3754 5407 5406 5405 5404 5403 5402 5401
485.000000 : 4761
485.000000 : 3145 4401 5654
482.900000 : 2714
480.500000 : 4368
479.800000 : 5249
476.600000 : 5153
474.500000 : 6126
472.000000 : 5583
472.000000 : 71
470.000000 : 5260
469.000000 : 90
468.250000 : 3340
467.052947 : 5813 5832 5831 5829 5828 5827 5826
466.333333 : 6011
466.250000 : 905
463.200000 : 3968
461.400000 : 4221
459.000000 : 3960
457.666667 : 664
457.666667 : 659
457.666667 : 647
456.666667 : 4923
456.250000 : 67
454.750000 : 2333
454.625000 : 5900
451.500000 : 5607
450.900000 : 1241 2118 2816 2817 2818 2819
450.666667 : 3961
450.500000 : 5351
449.500000 : 4874
449.000000 : 5672
447.250000 : 4049
444.200000 : 5268
444.181818 : 5162
441.666667 : 3874
440.700000 : 5811
439.800000 : 4088
436.666667 : 4060
436.090909 : 2569
435.666667 : 5625
433.500000 : 5631
432.250000 : 4383
430.000000 : 5565
430.000000 : 5135
427.818182 : 5156
426.400000 : 64
426.000000 : 5072
425.666667 : 3943
425.500000 : 3634
425.500000 : 1239
425.000000 : 6168
425.000000 : 6085
423.300000 : 5270
423.250000 : 3976
423.250000 : 3885
422.500000 : 5794
419.809524 : 1760 5856 5967
418.333333 : 5026
418.200000 : 4415
416.666667 : 4696
416.500000 : 4302
416.000000 : 5206
415.126190 : 1763 5443
414.666667 : 6041
413.166667 : 2264
413.000000 : 5059
412.000000 : 5136
411.125000 : 3964
406.333333 : 5121
405.750000 : 88 6035
405.000000 : 4250
404.333333 : 4928
404.250000 : 5108
404.000000 : 5999
403.000000 : 3866
402.333333 : 5571
401.333333 : 3963
401.272727 : 3966
400.000000 : 86
399.750000 : 3646
397.000000 : 4252
396.666667 : 3962
394.500000 : 6084
393.666667 : 5589
393.600000 : 3668
393.250000 : 3179
393.000000 : 5091
392.500000 : 3638
391.333333 : 4679
390.500000 : 3738
390.000000 : 65
388.500000 : 5526
388.000000 : 1991
386.800000 : 3967
386.500000 : 3734
385.500000 : 3344
385.250000 : 4176
384.500000 : 730
384.367589 : 1019 1247
383.600000 : 5272
383.333333 : 3969
383.166667 : 4157
382.714286 : 5789 5917 5919 5920 5921 5922
381.750000 : 4174
381.636364 : 5776
380.454545 : 4602
379.750000 : 4173
378.750000 : 1899
376.000000 : 5655
374.428571 : 5020
371.000000 : 5269
371.000000 : 2969
370.000000 : 5970
368.000000 : 4993
367.666667 : 5576
366.250000 : 3578
366.166667 : 4166
366.000000 : 5018
364.000000 : 1368
363.600000 : 5411
363.000000 : 5130
362.333333 : 5578
358.000000 : 6025
357.727273 : 5608
356.600000 : 2903
354.545455 : 6040
354.000000 : 2672
351.500000 : 3767
347.500000 : 5603
347.000000 : 4608
344.666667 : 1987
344.090909 : 5851
343.000000 : 3298
343.000000 : 713
341.400000 : 4380
341.298036 : 2573 2570 2565 2564 2563
341.000000 : 5615
341.000000 : 5060
340.333333 : 4976
338.833333 : 5191
337.500000 : 1489
336.375000 : 3249
335.818182 : 4791
335.666667 : 6023
334.375000 : 2968
331.500000 : 4138
331.000000 : 1439
330.500000 : 5972
330.333333 : 5619
330.166667 : 5636
329.500000 : 6145
328.833333 : 3352
328.000000 : 6133
328.000000 : 4847
326.400000 : 5500
325.400000 : 3642
324.250000 : 5259
324.166667 : 3178
324.000000 : 4090
323.800000 : 4913
323.657143 : 5476 5861 5863
322.333333 : 4651
322.000000 : 1963
321.333333 : 4930
318.800000 : 3546
317.333333 : 5620
317.000000 : 5795
315.250000 : 1971
315.000000 : 4639
313.000000 : 5054
313.000000 : 4474
309.500000 : 61
307.666667 : 5617
307.666667 : 4992
307.000000 : 5945
306.666667 : 5533
306.600000 : 1492
306.250000 : 4041
304.250000 : 3992
303.250000 : 5058
303.000000 : 5621
302.666667 : 5623
302.000000 : 1966
301.333333 : 4730
300.600000 : 3959
300.000000 : 737
299.750000 : 3683
299.250000 : 5022
297.272727 : 4793
296.000000 : 6163
294.857143 : 28
294.833333 : 53 502
293.060140 : 83 1396 1397 1398 1400
293.000000 : 1972
291.909091 : 3182
291.666667 : 3730
291.250000 : 5853
291.000000 : 5887
291.000000 : 3151
289.500000 : 6186
289.333333 : 5622
288.666667 : 3113
288.250000 : 1965
287.200000 : 4933
287.000000 : 4762
286.500000 : 5460
286.045455 : 2332 2335 2338 2339 2340 2341 2342 2343
285.000000 : 6039
284.333333 : 5599
284.100000 : 4797
283.333333 : 5937
281.863636 : 160 1044 1123 1124 1125 1126 1127 1128 2168
281.111111 : 4445
280.666667 : 3726
280.666667 : 3724
280.666667 : 3719
280.666667 : 3716
280.666667 : 3712
280.666667 : 3710
279.250000 : 5852
279.000000 : 6022
279.000000 : 4111
278.333333 : 2928
276.666667 : 4749
275.500000 : 5185 5178
274.666667 : 4059
274.666667 : 3706
273.000000 : 4802
272.333333 : 5956
271.000000 : 5514
270.666667 : 3722
270.000000 : 3714
270.000000 : 3708
269.666667 : 3729
269.000000 : 3723
269.000000 : 3713
269.000000 : 3709
268.666667 : 3721
268.666667 : 3715
267.800000 : 4969
266.333333 : 5302
264.333333 : 3303
263.666667 : 3707
262.666667 : 4722
261.500000 : 1750
261.181818 : 2798 2790
260.600000 : 82
258.666667 : 3725
258.333333 : 3718
258.000000 : 3711
257.333333 : 5339
256.571429 : 70
256.250000 : 5383
253.205128 : 3587 4070 4459 4916 5070 5264 5340 5436
252.714286 : 4414
250.555556 : 2499
250.555556 : 2498
249.750000 : 2578
249.700000 : 556 555
249.666667 : 3281
249.284848 : 1472 4497
249.284848 : 1471 4496
248.666667 : 5332
247.833333 : 4922
244.833333 : 1473 4498
244.571429 : 1953
243.125000 : 1834
242.500000 : 5375
241.454545 : 4796
241.416667 : 4794
240.750000 : 5381
239.200000 : 3857
238.750000 : 1973
238.428571 : 4366
238.250000 : 5380
237.500000 : 993
237.300000 : 1469 4495
234.833333 : 5796
233.750000 : 1367
233.000000 : 5962
232.000000 : 4305
231.000000 : 1945
230.400000 : 6112 6111
230.333333 : 5333
229.100000 : 4801
229.000000 : 5957
228.500000 : 5089
228.200000 : 746
227.555556 : 1950
227.158974 : 1468 4494
226.538462 : 5036
226.500000 : 4965
226.333333 : 6012
226.000000 : 1933
226.000000 : 91
225.500000 : 5105
224.142857 : 5793
224.000000 : 4444
224.000000 : 3813
223.333333 : 5638
223.000000 : 5088
223.000000 : 4906
222.666667 : 5507
222.384615 : 6001
221.285714 : 3800
220.666667 : 3829
220.500000 : 5382
219.750000 : 1984
219.200000 : 4926
218.666667 : 4454
218.466667 : 1467 4493
218.407273 : 175 776 1068 1071 1076 1085 1132 1231 1118 1371 1372 1624 1373 1374 1375 1377 2201 1383 2334 1384 2237 2412 2494 1385 1386 2580 1387 2581 1389 2582 2770 1391 2583 2997 2584 2585 3322 2586 2587 2588 2589 2590 2591 4594 2592 2593 4921 2594 5009 2595 2596 2597 2598 5285 2599 5286 2600 5287 5416 2601 5288 5536 2602 5289 2603 5290 2604 5291 2605 5292 2606 5293 2607 5294 2608 5295 2609 5296 2610 5297
217.571429 : 3405
217.500000 : 60
217.375000 : 2943
217.200000 : 5357
216.357143 : 4604
215.142857 : 66
214.250000 : 6118
214.000000 : 2721
213.833333 : 5496
213.833333 : 2215
213.750000 : 1843
213.562500 : 4048
212.500000 : 4073
212.000000 : 87
211.750000 : 1875
211.181818 : 4795
211.000000 : 1630
210.933333 : 1466 4492
210.933333 : 1462 4489
210.933333 : 1459 4488
210.500000 : 1842
210.375000 : 5019
209.818182 : 5361
209.500000 : 1941
209.100000 : 5364
207.833333 : 5884
204.341667 : 1457 4487
204.341667 : 1455 4486
204.341667 : 1452 4485
204.341667 : 1451 4484
204.250000 : 1488
204.000000 : 4971
203.750000 : 3954
203.333333 : 5610
202.700000 : 5365
202.666667 : 5535
202.500000 : 5000 5010
202.400000 : 2669 2710 2845 2846 2847 2848 2849 2853 2857 2860 2862
202.250000 : 5671
202.000000 : 5104
201.000000 : 5641
198.500000 : 4422
197.428571 : 3641
195.750000 : 5110
195.333333 : 5532
195.000000 : 1712
194.250000 : 3586
194.000000 : 5888
193.714286 : 5341
193.454545 : 5362
193.285714 : 4919
193.000000 : 5090
193.000000 : 4986
193.000000 : 1748
192.400000 : 1959
192.333333 : 1746
190.800000 : 5366
190.333333 : 1744
190.250000 : 6061
189.384615 : 531
189.366667 : 784 855 856 857 858 859 860 861 877 878
189.285714 : 3632
189.000000 : 5084
188.857143 : 716
188.200000 : 4685
188.000000 : 1747
187.833333 : 5908
187.000000 : 5379
186.583333 : 5359
185.833333 : 4286
185.333333 : 2877
185.300000 : 1956
184.600000 : 6067
184.000000 : 1749
183.833333 : 4281
183.800000 : 5083
183.444444 : 5101
183.083333 : 4596
181.833333 : 5958
181.800000 : 4572
181.761905 : 78
181.714286 : 3274
181.428571 : 722
181.272727 : 29
181.142857 : 3637
180.250000 : 5785
179.800000 : 5080
179.666667 : 3193
179.600000 : 5614
179.400000 : 5085
179.333333 : 5107
179.307692 : 5252
179.200000 : 4781
179.000000 : 4800
178.400000 : 5358
178.333333 : 3245
178.333333 : 3199
178.333333 : 1670
177.900000 : 5363
177.333333 : 5356
176.750000 : 5017
176.666667 : 2753
176.500000 : 5344
176.200000 : 5378
176.166667 : 5194
176.000000 : 1885
174.636364 : 5040
174.166667 : 739
174.000000 : 2759
172.000000 : 3860
171.600000 : 5082
170.600000 : 5081
169.730769 : 1660
169.500000 : 5374
169.166667 : 85
168.800000 : 4972
168.384615 : 1659
168.000000 : 5103
167.500000 : 4568
167.333333 : 4924
167.250000 : 1989
167.142857 : 3836
166.750000 : 3585
166.222222 : 5637
166.166667 : 5106
166.000000 : 454
165.692308 : 1662
165.250000 : 4731
165.000000 : 5086
164.250000 : 4724
164.000000 : 4981
163.777778 : 5493
163.666667 : 1977
163.000000 : 1982
163.000000 : 1654
162.884615 : 1664
162.600000 : 5087
162.153846 : 1663
161.857143 : 724
161.777778 : 1652
161.750000 : 4645
161.571429 : 3636
161.333333 : 3293
161.329670 : 2866 5316 5317 5318 5319 5320 5321 5322 5323 5324 5326 5327 5328
160.909091 : 5360
160.185185 : 1658
159.833333 : 5069
159.333333 : 4678
159.000000 : 1657
159.000000 : 743
158.928571 : 2108
158.800000 : 2505
158.518519 : 1656
157.615385 : 1765
157.115385 : 1661
156.678571 : 1650
156.461538 : 2211
155.857143 : 1643
155.500000 : 22
155.392857 : 1655
155.129032 : 2415
155.000000 : 5590
154.857143 : 728
154.750000 : 24
154.666667 : 5377
153.400000 : 4757
153.000000 : 4759
152.892857 : 1642
152.857143 : 3639
152.846154 : 2757
152.500000 : 5783
152.222222 : 4360
152.071429 : 1645
151.800000 : 4792
151.750000 : 1646
151.692308 : 4426
151.428571 : 5342
151.000000 : 5814
150.666667 : 4721
150.000000 : 1979
149.138889 : 2521 3143 4579
149.107143 : 1644
148.928571 : 287
148.900000 : 5635
148.857143 : 732
148.758621 : 1648
148.750000 : 1653
148.571429 : 1641
147.818182 : 6117
147.750000 : 1738
147.375000 : 3917
147.142857 : 1453
147.000000 : 4832 4893 4897
146.111111 : 5486
145.833333 : 5345
145.750000 : 1727
145.666667 : 2205
145.571429 : 731
145.500000 : 1716
145.461538 : 2220
145.000000 : 1980
145.000000 : 1739
144.875000 : 1938
144.800000 : 4637
144.750000 : 1740
144.560000 : 2758
144.335076 : 787 2188 3552
143.857143 : 1647
143.666667 : 4725
143.000000 : 5977
142.400000 : 5079
142.200000 : 523
141.230769 : 1139
140.457143 : 1687
140.333333 : 5618
140.285714 : 3397
140.250000 : 1721
140.000000 : 6083
140.000000 : 1719
140.000000 : 1510
139.750000 : 1711
139.333333 : 5190
139.166667 : 3691
138.500000 : 84
138.473684 : 6123
138.333333 : 1074
138.166667 : 5097
138.100000 : 4017
138.000000 : 2840 2835
137.500000 : 1724
137.300000 : 2874
137.250000 : 1737
137.000000 : 1960
136.857143 : 719
135.857143 : 4997 5002 5005
135.857143 : 3647
135.800000 : 1999
135.500000 : 1728
135.444444 : 4411
134.714286 : 3272
134.500000 : 1730
134.250000 : 1722
134.000000 : 1726
134.000000 : 1715
133.833333 : 4990 5004 5007
133.303030 : 56 2114
133.250000 : 1741
133.142857 : 4665
133.000000 : 5817
132.432432 : 1378
132.250000 : 1714
131.500000 : 4788
131.333333 : 3956
131.000000 : 1736
130.857143 : 4720
130.842105 : 3148
130.600000 : 6135
130.500000 : 683 3034
130.250000 : 5236
130.250000 : 1718
130.000000 : 729
129.461538 : 588
129.150000 : 681 3032
129.000000 : 5376
128.230769 : 4790
127.941176 : 2778 2876 3196 3831 4072 4455
127.833333 : 3985
126.857143 : 4676
126.400000 : 2566 2567 2882 3197 3948 4163
126.333333 : 5102
126.285714 : 674
125.857143 : 2467
125.444444 : 5784
125.285714 : 4036
125.000000 : 5343
124.666667 : 5815
124.416667 : 1954
124.356618 : 521 2827
124.285714 : 2226 2774 4440 5723
124.000000 : 5372
123.857143 : 5719
123.400000 : 794
123.333333 : 5499
122.571429 : 4723
122.318182 : 3161 3162 3164 3166 3167 3168 3169
121.666667 : 5511 5512
121.555556 : 63
120.857143 : 2872
120.222222 : 3953
119.200000 : 1725
119.111111 : 4881 4894 4896 4898
119.000000 : 6147
119.000000 : 4470
118.738305 : 2204 2317 2318 2320 2322 2323 2324 2325 2326 2327
117.750000 : 4638
117.250000 : 4656
117.200000 : 4719
117.053571 : 2107 3297 4595 4597 4598 4600
117.000000 : 4165
116.230769 : 2260
116.200000 : 1735
115.600000 : 3867
114.800000 : 686 3037
114.714286 : 5373
114.714286 : 5021
114.600000 : 1742
114.200000 : 1723
114.125000 : 4670
114.000000 : 4251
114.000000 : 1713
113.833333 : 6032
113.833333 : 1030
113.800000 : 1733
113.666667 : 3875
113.629630 : 2213
113.500000 : 2061
113.500000 : 612
113.400000 : 1717
113.166667 : 2630
113.000000 : 4660
113.000000 : 4586
113.000000 : 4483
113.000000 : 4482
113.000000 : 4481
113.000000 : 1729
113.000000 : 1479
113.000000 : 1477
113.000000 : 1476
112.750000 : 4713
112.666667 : 1028
112.600000 : 1720
112.400000 : 26
112.133333 : 589
111.333333 : 1024
111.000000 : 2627
110.666667 : 1026
110.500000 : 691
110.500000 : 630
110.200000 : 1734
110.142857 : 3681
110.000000 : 4663
109.636364 : 2921
109.555556 : 59
109.250000 : 4673
109.209302 : 900
109.142857 : 5498
109.000000 : 2625
109.000000 : 1022
108.947368 : 5146
108.833333 : 4803
108.833333 : 2631
108.625000 : 5392
108.500000 : 1029
108.450000 : 2883 5986
108.375000 : 586
108.333333 : 5371
108.333333 : 2626
108.333333 : 1027
108.000000 : 1949
107.600000 : 1732
107.555556 : 3904
107.200000 : 5787
107.166667 : 6060
107.066667 : 687 3038
107.000000 : 89
106.666667 : 4657
106.400000 : 1587
106.333333 : 680 3031
106.333333 : 3862
106.222222 : 33
106.166667 : 1025
105.966667 : 690 3041
105.893939 : 1170 1232 1242 1243 1244
105.750000 : 2466
105.500000 : 2629
105.466667 : 1475
105.400000 : 4026
105.166667 : 1023
105.166667 : 1021
105.157895 : 4805
105.000000 : 5454
104.666667 : 1020
104.600000 : 5051
104.575758 : 73
104.222222 : 4680
104.111111 : 4345
103.555556 : 4682
103.235294 : 3935
103.200000 : 1609 2713 4397
103.000000 : 4667
102.800000 : 4697
102.666667 : 2353
102.185294 : 2367 4526 4527 4528 4529 4530 4531 4532 4533 4534 4535
102.100000 : 52
102.083333 : 1593
101.777778 : 3848
101.500000 : 4973
101.500000 : 3540
100.333333 : 1952
99.958333 : 3588
99.428571 : 684 3035
99.000000 : 3072
98.347826 : 5546
98.300000 : 1595
98.111111 : 726
98.000000 : 5978
97.952381 : 3933
97.600000 : 3073
97.555556 : 5781
97.500000 : 5015
97.500000 : 4408 5838
97.333333 : 688 3039
97.190476 : 5001 5008
96.677419 : 75
96.571429 : 3345
96.333333 : 689 3040
96.000000 : 5770
95.666667 : 2895
95.666667 : 685 3036
95.571429 : 95
95.555556 : 2919
95.516129 : 1907
95.428571 : 2755
95.400000 : 1589
95.333333 : 1942
95.000000 : 4468
94.875000 : 5600
94.500000 : 5939
94.500000 : 3803
94.437500 : 74
94.285714 : 97
93.666667 : 1460
93.600000 : 3772
93.571429 : 1031
93.250000 : 2354
92.638889 : 2196 3824 5843
92.468750 : 2754
92.000000 : 4699
91.428571 : 2900
90.700000 : 3528
90.333333 : 3223
89.933333 : 5650
89.333333 : 107
89.000000 : 2724
89.000000 : 2535 3144 4580
88.800000 : 5055
88.000000 : 3925
87.800000 : 2936
87.428571 : 51
87.400000 : 4652
86.750000 : 3410
86.500000 : 2929
86.125000 : 1958
85.976744 : 3577
85.750000 : 744
85.708333 : 3901
85.642857 : 2716
85.625000 : 3920
85.555556 : 3584
85.400000 : 5517
84.833333 : 32
84.600000 : 5071
84.416667 : 3895
84.347826 : 3929
84.323529 : 76
84.000000 : 3931
83.750000 : 1853
83.738095 : 3768
83.566667 : 55 582
83.000000 : 4996 4998
82.571429 : 4285
82.333333 : 5014
82.000000 : 5478
82.000000 : 2911
81.812500 : 578
81.636364 : 3928
81.500000 : 714
81.428571 : 2238
81.400000 : 5643
81.222222 : 1162
81.125000 : 4844
80.750000 : 4994 5003
80.500000 : 5050
80.500000 : 1234
80.300000 : 3891
80.000000 : 2751
79.920000 : 4108
79.827586 : 2067
79.222222 : 2229
79.200000 : 5189
78.705882 : 1902
78.153846 : 2831
77.615385 : 191
77.571429 : 81
77.370370 : 2763
77.307692 : 2465
77.250000 : 4841
77.153846 : 2843
76.666667 : 3563 3566
76.666667 : 2941
76.600000 : 4691
76.333333 : 5509
76.285714 : 96
75.708333 : 3924
75.500000 : 4977
75.285714 : 2864
75.111111 : 4824
74.666667 : 5513
74.538462 : 3916
74.512821 : 1790
74.461538 : 2916
74.230769 : 2838
74.000000 : 5516
74.000000 : 5027
74.000000 : 3781
73.920000 : 3900
73.875000 : 5497
73.840000 : 3919
73.700000 : 3806
73.576923 : 3890
73.500000 : 3907
73.500000 : 678
73.208333 : 3921
72.933333 : 2940
72.900000 : 2880
72.680000 : 3909
72.282609 : 3773
72.250000 : 3368
72.235294 : 77
72.200000 : 5515
71.933333 : 2915
71.851852 : 3899
71.760000 : 3914
71.666667 : 5508
71.666667 : 5039
71.600000 : 2920
71.500000 : 4119
70.875000 : 2405
70.782609 : 3561
70.428571 : 5531
70.428571 : 2841
70.214286 : 2842
69.666667 : 2925
69.400000 : 715
69.076923 : 3897
68.666667 : 3194
68.142857 : 3973
68.133333 : 2926
68.000000 : 3986
67.833333 : 5139
67.714286 : 3346
67.666667 : 31
67.653846 : 3888
67.500000 : 1596
67.444444 : 4931
67.200000 : 1767
67.138462 : 98 566 2206 2719
67.058824 : 1091 1238 1840 2072
66.866667 : 2865
66.600000 : 4817
66.310345 : 2208
66.200000 : 4838
66.200000 : 4820
66.166667 : 5782
65.944444 : 1601
65.829167 : 36 1603 4288
65.714286 : 2822 2804
65.333333 : 2933
65.307692 : 5031
65.066667 : 2402
64.854167 : 94 1382 2398 2528 2553 2785
64.736842 : 5685
64.666667 : 2400
64.642857 : 2408
64.625000 : 2924
64.250000 : 3342
64.250000 : 288
63.966667 : 2191
63.603175 : 23 519
63.400000 : 2896
63.162791 : 3766
63.083333 : 5616
62.857143 : 5301
62.777778 : 3362
62.400000 : 2189 3138 4577
62.121951 : 3484
61.705882 : 1408
61.545455 : 4830
61.428571 : 2800 2799
61.000000 : 4828
61.000000 : 4774
61.000000 : 2898
60.900000 : 2808 2801
60.785714 : 1597
60.714286 : 93
60.632120 : 47 1093 1201
60.600000 : 2410
60.538462 : 2935
60.500000 : 2418
60.033333 : 1833
59.818182 : 4816
59.580952 : 50 585
59.545455 : 4833
59.500000 : 5244
59.454545 : 4819
59.400000 : 4836
59.400000 : 4117
59.400000 : 676
59.250000 : 3984
58.859274 : 1 103 155 178 299 579 658 710 156 300 717 157 301 720 1145 1164 303 723 1146 1166 304 733 1104 1149 1168 305 735 1106 1151 1171 306 738 1152 1173 307 740 1155 1178 308 742 1156 1180 309 745 1186 310 747 1190 311 1195 2540 312 1200 313 314 315 316 317 318 319 320 321 322 323 325 326 327 329 330 331 334 335 336 337 338 339 340 341 5839 342 345 346 347 349 6187
58.500000 : 2875
58.300000 : 99
58.272727 : 4829
58.125000 : 5965
58.000000 : 2413
58.000000 : 679
58.000000 : 57
57.785714 : 3817
57.738095 : 3717
57.608696 : 4804
57.500000 : 1904
57.448276 : 1411
57.000000 : 2844
57.000000 : 30
56.875000 : 2470
56.714286 : 2004
56.357143 : 2477
56.333333 : 570
56.181818 : 1349
56.000000 : 27
55.875000 : 2210
55.714286 : 5455
55.444444 : 2788
55.363636 : 4818
55.125000 : 2475
54.550000 : 741
54.470588 : 2476
54.222222 : 2861 4410
53.470588 : 2473
53.357143 : 2938
53.333333 : 5075
53.293577 : 665 998 999 1000 1001 1004 1005 1006 1007 1008
53.272727 : 2420
53.250000 : 5530
53.200000 : 5510
53.193548 : 3265
53.136364 : 3811
53.133333 : 503 510 2552
53.076923 : 2337
53.000000 : 4821
52.833333 : 2712
52.714286 : 80
52.666667 : 4826
52.095238 : 5880
52.058824 : 1855
52.000000 : 3814
52.000000 : 1083
51.900000 : 5968
51.600000 : 54
51.461538 : 62
51.400000 : 3351
51.333333 : 3349
51.300000 : 3312
50.750000 : 5266
50.750000 : 2469
50.666667 : 5415
50.416667 : 2620
50.153846 : 1235
49.647059 : 568
49.600000 : 2403 4381
49.500000 : 675
49.428571 : 3567
49.333333 : 4822
49.285714 : 5045
49.222222 : 2792
49.188889 : 2523 3579
48.750000 : 1943
48.600000 : 4567
48.428571 : 1586
48.125000 : 5032
48.125000 : 2932
48.000000 : 5273
48.000000 : 4453 4574 4582
47.833333 : 5196
47.833333 : 682
47.500000 : 6136
47.500000 : 3981
47.333333 : 2868
47.142857 : 3996
46.833333 : 4287
46.444444 : 3957
46.342857 : 2760
46.187500 : 5563
46.145591 : 914 916 918 939 962 967
46.142857 : 5006
46.083333 : 1745
46.000668 : 1778 1779 1780 1781 1782 1783 1784 2421 2424 2425 2426 2427 2484 2485 2486 2489 2488 2490 2491 2492
45.900000 : 2793
45.875000 : 2829
45.294118 : 4441
45.166667 : 4825
45.052632 : 79
45.000000 : 5043
45.000000 : 2910
45.000000 : 2839
44.953488 : 3815
44.781259 : 750 527 2272 2397 2396 2395 2623 2720 2393 2195 2392 2391 2390 2389 3506 2387 2386 2385
44.541667 : 2937
44.333333 : 5745
44.200000 : 2308
43.750000 : 3570
43.666667 : 5240
43.600000 : 34
43.136364 : 2914
43.100000 : 4290
42.666667 : 3955
42.625000 : 3568
42.307692 : 1591
42.024766 : 934 952 954 972 981
41.780488 : 3664
41.750000 : 1903
41.687500 : 1901
41.666667 : 1110
41.647059 : 2913
41.583333 : 1067
41.307692 : 2002
41.181818 : 5412
41.166667 : 2824
41.133333 : 4983
40.888889 : 2550 4428
40.777778 : 3565
40.375000 : 1854
40.153846 : 2482 3140 4578
40.125000 : 4912
40.000000 : 3807
39.937500 : 190
39.875000 : 3795
39.714286 : 3160
39.625000 : 3838
39.625000 : 3812
39.507246 : 5349 5426
39.500000 : 3604
39.421175 : 3539 3843 4081 4283 5992
39.142857 : 5044
39.138889 : 1611
39.111111 : 4827
39.063830 : 4100
39.000000 : 5184
38.941176 : 1441
38.870370 : 302
38.826087 : 5391
38.647727 : 2794 5985
38.642857 : 2105
38.500000 : 4999
38.500000 : 3884
38.454545 : 3402
38.307692 : 1107
38.250000 : 5262
38.250000 : 2548
38.142857 : 1832
38.125000 : 3569
37.750000 : 3788
37.750000 : 3571
37.714286 : 5200
37.071429 : 2113
37.000000 : 2007
36.937500 : 2533
36.714286 : 5057
36.571429 : 5061
36.538462 : 2795
36.500000 : 3409
36.250000 : 3607
36.235294 : 2918
36.230769 : 712
36.142857 : 3152
36.100000 : 2102
36.090909 : 1369
35.863636 : 2711
35.714286 : 1390
35.571429 : 2525
35.555556 : 3835
35.461538 : 2814
35.428571 : 1598
35.428571 : 1115
35.333333 : 3804
35.272727 : 2789
35.181818 : 5439
35.142857 : 3188
35.000000 : 5038
35.000000 : 3832
34.888889 : 3833
34.888889 : 20
34.785714 : 2809
34.785714 : 1109
34.666667 : 1136
34.636364 : 2619
34.533333 : 3810
34.375000 : 4995
34.333333 : 3828
34.166667 : 2718
34.111111 : 3822
34.066826 : 838 982 983 990
34.000000 : 2917
34.000000 : 2912
33.571429 : 2522
33.428571 : 3176
33.250000 : 5334
33.133333 : 2972
33.027273 : 2088 4379
33.000000 : 5064
33.000000 : 3155
33.000000 : 2104
32.923077 : 2399
32.727273 : 5494
32.666667 : 1395 4389
32.636364 : 3400
32.625000 : 3153
32.571429 : 5188
32.125000 : 2509
31.923077 : 100
31.727273 : 5174
31.577778 : 3771
31.333333 : 2779
31.235294 : 2519 2561 3023
31.000000 : 5186
31.000000 : 4904
31.000000 : 2812
30.857143 : 5524
30.769231 : 494 3417
30.727273 : 5989
30.714286 : 3157
30.714286 : 2524
30.714286 : 2496
30.666667 : 899
30.400000 : 5261
30.357143 : 721
30.308642 : 2551
30.244444 : 3770
30.090909 : 1463
29.928571 : 5527
29.750000 : 5042
29.339623 : 344
29.333333 : 2666
29.256966 : 187 1831 2231 2232 2233 2234 2507 2508
29.204545 : 2998
29.125000 : 5742
29.125000 : 2797
29.083333 : 4475
29.076923 : 2081
29.000000 : 4584
29.000000 : 3139
28.888889 : 2068
28.875000 : 3549
28.833333 : 2786
28.833333 : 2330
28.782609 : 1416
28.611111 : 356
28.500000 : 2530
28.500000 : 2527
28.500000 : 2504
28.166667 : 1096
28.000000 : 2731
27.750000 : 3527
27.635294 : 4571 4575 4583
27.625000 : 3141
27.545455 : 5230
27.545455 : 711
27.452652 : 901 1366
27.416667 : 5495
27.292683 : 3816
27.000000 : 2125
26.941176 : 2621 3304
26.875000 : 3130
26.714286 : 3142
26.700000 : 4291
26.486486 : 4563
26.480000 : 1456
26.473684 : 3830
26.464286 : 2922
26.333333 : 3154
26.285714 : 5193
26.285714 : 3873
26.285714 : 3356
26.222222 : 21
26.000000 : 2355
25.801282 : 1073 1098
25.777778 : 2931
25.711538 : 358
25.613636 : 1997 4382
25.578947 : 2715
25.555556 : 3564
25.550000 : 2219
25.500000 : 1906
25.461538 : 1392
25.250000 : 5413
25.181818 : 2271
25.166667 : 2493 2512
25.166667 : 522
24.666667 : 1167
24.545455 : 5780
24.500000 : 6104
24.500000 : 3581
24.437500 : 5525
24.350000 : 5979
24.318182 : 4371
23.888889 : 2661
23.666667 : 2888
23.666667 : 2003
23.642857 : 1461
23.642857 : 1448
23.642857 : 1447
23.642857 : 1446
23.642857 : 1442
23.642857 : 1435
23.642857 : 1434
23.642857 : 1427
23.642857 : 1422
23.642857 : 1420
23.571429 : 2628
23.500000 : 1229
23.350000 : 462
23.285714 : 2662
23.200000 : 19
23.150000 : 289
23.041667 : 3859 5448
22.875000 : 2404
22.863636 : 5876
22.827586 : 1454
22.827586 : 1449
22.827586 : 1444
22.827586 : 1438
22.827586 : 1437
22.827586 : 1432
22.827586 : 1430
22.827586 : 1428
22.827586 : 1426
22.827586 : 1421
22.827586 : 1417
22.827586 : 1394
22.823529 : 3190
22.750000 : 4210
22.750000 : 2474
22.666667 : 4815
22.666667 : 2909
22.666667 : 1649
22.584906 : 359
22.551724 : 5123
22.540000 : 3367
22.526316 : 508
22.500000 : 4105
22.166667 : 5488
22.137255 : 4505
22.111111 : 2893
22.111111 : 2331
22.066667 : 1443
22.000000 : 2750
22.000000 : 613
21.966667 : 1450
21.966667 : 1419
21.966667 : 1414
21.895963 : 7 172 778
21.851351 : 5205 5231
21.777778 : 2230
21.571429 : 2455
21.500000 : 4920
21.375000 : 2526
21.354839 : 1445
21.354839 : 1431
21.354839 : 1429
21.250000 : 3547
21.230769 : 5489
21.214286 : 2106
21.181818 : 221
21.000000 : 2200
20.900000 : 770
20.888889 : 2388
20.803922 : 360
20.777778 : 6099
20.687500 : 1433
20.687500 : 1423
20.625000 : 3583
20.600000 : 4987
20.593750 : 1440
20.593750 : 1425
20.593750 : 1418
20.470588 : 365
20.454545 : 1370
20.384615 : 2468
20.347826 : 3876
20.266667 : 1594
20.000000 : 904
19.900000 : 2886
19.900000 : 2000
19.875000 : 5837
19.857143 : 509
19.750000 : 4095
19.733333 : 4340
19.692308 : 5485
19.545455 : 2109
19.416667 : 1608
19.272727 : 328
19.230769 : 5644
19.181818 : 614
19.170732 : 37
19.166667 : 3286
19.142857 : 3401
19.000000 : 3559
18.931818 : 3774
18.857143 : 181
18.777778 : 6072
18.761905 : 2539
18.710526 : 4789
18.687500 : 757
18.666667 : 357
18.636501 : 512 1639
18.583333 : 3869
18.568627 : 2216
18.423077 : 992
18.407407 : 5809
18.230769 : 3595
18.208333 : 4550
18.142857 : 734
18.090909 : 2891
18.090909 : 2005
18.058824 : 361
17.850000 : 3369
17.738095 : 1769
17.470588 : 285 293
17.357143 : 5484
17.315789 : 3375
17.222222 : 5118 5456
17.000000 : 5445
16.944444 : 44
16.941981 : 2618 2624 2766 3278
16.909804 : 18 1478 1762
16.777778 : 1291
16.720000 : 5138 5762
16.714286 : 3399
16.666667 : 1590
16.380952 : 5183
16.166667 : 2616
16.043478 : 2071 2807 3024
16.000000 : 5450
16.000000 : 2129 4576
16.000000 : 382
15.888889 : 5271
15.888889 : 3101
15.846154 : 4705
15.761905 : 3372
15.666667 : 252
15.590909 : 48
15.545455 : 376
15.489362 : 3103
15.432432 : 3826
15.275974 : 1567 4878 4879 4880 4882 4883 4884 4885
15.266667 : 5239
15.238095 : 3378
15.200000 : 5449
15.181818 : 1743
15.130435 : 4552
15.066667 : 5046
15.000000 : 5457
14.956522 : 3386
14.952381 : 5820
14.947368 : 5393
14.933333 : 5483
14.909091 : 387
14.652174 : 5581
14.617021 : 5388
14.600000 : 5482
14.578089 : 4376 4461
14.571429 : 1588
14.533333 : 1600
14.500000 : 3102
14.461538 : 219
14.454622 : 2218 2311 4099
14.437500 : 499
14.391304 : 4558
14.363636 : 5447
14.333333 : 2885
14.333333 : 1623
14.307692 : 384
14.306122 : 5390
14.200000 : 1240
14.161111 : 2538 5885 5996
14.066667 : 3396
14.028571 : 991
14.000000 : 2006
13.947368 : 532
13.714286 : 3383
13.666667 : 2764
13.575758 : 5245
13.500000 : 518
13.428571 : 270
13.428571 : 215
13.428571 : 210
13.350877 : 533
13.251359 : 2274 2554 2723 2556
13.250000 : 5477
13.170732 : 5933
13.161290 : 3521
12.740000 : 5314
12.733333 : 1592
12.714286 : 5611
12.688889 : 4974
12.684211 : 3850
12.600000 : 4588
12.600000 : 379
12.533333 : 381
12.533333 : 217
12.533333 : 213
12.533333 : 208
12.533333 : 206
12.533333 : 202
12.500000 : 3288
12.500000 : 2495
12.454545 : 5182
12.432432 : 1845
12.428571 : 5179
12.416667 : 367
12.413043 : 4375
12.413043 : 3883
12.407407 : 4555
12.264706 : 5612
12.230769 : 5311
12.228571 : 2117
12.222222 : 6050
12.130435 : 45
12.125000 : 3366
12.114286 : 2070
12.076923 : 368
12.000000 : 5475
11.928571 : 369
11.916667 : 2511
11.902194 : 1777 2197
11.900000 : 4469
11.875000 : 989
11.862745 : 5241
11.833333 : 2506
11.816901 : 4979
11.807692 : 3371
11.777778 : 5312
11.769231 : 3380
11.750000 : 204
11.750000 : 200
11.750000 : 196
11.724138 : 1599
11.652778 : 4915
11.619048 : 517
11.585761 : 1130 1099 3083 4051
11.578947 : 3181 3403
11.571429 : 2263
11.545455 : 2175
11.538462 : 5313
11.493151 : 2834
11.493151 : 2832
11.493151 : 2830
11.493151 : 2828
11.489796 : 2262
11.475113 : 457 506 2782
11.428571 : 3291
11.421053 : 1771
11.420000 : 2261
11.340000 : 2257
11.337838 : 2826
11.296296 : 46
11.274510 : 2256
11.200000 : 372
11.196078 : 2255
11.196078 : 2254
11.196078 : 2253
11.186667 : 2825
11.186667 : 2821
11.186667 : 2815
11.047619 : 2579
11.039474 : 2820
10.956522 : 5774
10.928571 : 5310
10.924137 : 17 1844 1764
10.896104 : 2813
10.846154 : 2503
10.773585 : 2069
10.769231 : 366
10.593220 : 528
10.564103 : 4918
10.555556 : 3189
10.518987 : 2803
10.476190 : 1165
10.466667 : 2762
10.444444 : 198
10.444444 : 194
10.437500 : 105
10.428571 : 489
10.428571 : 290
10.387500 : 2671
10.312500 : 2544
10.285714 : 2092
10.250000 : 2545
10.200000 : 5309
10.200000 : 5307
10.016949 : 530
10.000000 : 375
9.938776 : 987
9.937500 : 2546
9.936170 : 988
9.894737 : 192
9.870968 : 5308
9.870968 : 5306
9.820000 : 985
9.687500 : 4814
9.666667 : 374
9.660377 : 2251
9.660000 : 957
9.642857 : 5472
9.625000 : 2060
9.562500 : 5305
9.562500 : 5304
9.529412 : 371
9.523810 : 43
9.483871 : 3280
9.470588 : 986
9.440678 : 529
9.411765 : 2543
9.393939 : 4587
9.393939 : 4022
9.312500 : 5116
9.312500 : 5114
9.288462 : 965
9.268293 : 5935
9.266667 : 513
9.266667 : 292
9.235294 : 2542
9.211538 : 960
9.176471 : 3192
9.176471 : 2541
9.134615 : 970
9.113208 : 976
9.092593 : 947
9.092593 : 944
9.090909 : 5303
9.090909 : 3156
9.076923 : 4460
9.062500 : 1470
9.037736 : 978
9.030303 : 5029
8.941176 : 5172
8.937500 : 5111
8.857143 : 2726
8.833333 : 4467
8.811321 : 949
8.777778 : 541
8.709091 : 942
8.707317 : 2767
8.692239 : 2670 2802
8.666667 : 1539
8.648148 : 984
8.642877 : 42 791 2897
8.625000 : 924
8.625000 : 294
8.583333 : 5338
8.538462 : 2236
8.534483 : 911
8.500000 : 542
8.487179 : 4561
8.450000 : 525
8.421053 : 706
8.396552 : 931
8.396032 : 2805 3407
8.357143 : 1409
8.339286 : 936
8.296296 : 5491
8.214286 : 4464
8.192982 : 926
8.192982 : 921
8.142857 : 5598
8.118644 : 929
8.095890 : 5149
8.095890 : 5062
8.050847 : 908
8.000000 : 3220
7.944444 : 536
7.933333 : 164
7.887097 : 526
7.850000 : 3247
7.833333 : 538
7.812500 : 169
7.812500 : 168
7.783333 : 906
7.769231 : 1527
7.756098 : 3455
7.709677 : 4279
7.681818 : 3106
7.638889 : 3780
7.611111 : 539
7.534884 : 3195
7.484848 : 4564
7.466667 : 2059
7.428571 : 1536
7.379310 : 4446
7.368421 : 540
7.368421 : 537
7.343750 : 2058
7.294118 : 1140
7.272727 : 2057
7.272727 : 832
7.250000 : 520
7.200000 : 4458
7.200000 : 1983
7.187500 : 4369
7.125000 : 4451
7.125000 : 4367
7.033333 : 5792
7.032258 : 4443
7.000000 : 5819
6.944444 : 162
6.942857 : 2193
6.937500 : 4339
6.928571 : 1605
6.903226 : 4309
6.895833 : 4557
6.812500 : 4346
6.764706 : 4303
6.705882 : 727
6.698113 : 4551
6.687500 : 4298
6.650000 : 3608 5133
6.638889 : 2056
6.562500 : 4412
6.509804 : 2967
6.500000 : 535
6.483333 : 581
6.466667 : 5960
6.435897 : 4562
6.400000 : 3273
6.388889 : 171
6.333333 : 3229
6.277778 : 170
6.222222 : 5487
6.210526 : 2055
6.176471 : 4255
6.166667 : 4554
6.166667 : 166
6.166667 : 165
6.153846 : 2052
6.129456 : 2901 3071 3205
6.068966 : 5936
6.000000 : 3276
5.974359 : 2034
5.972222 : 2409
5.968750 : 6073
5.955556 : 3198
5.900000 : 2051
5.897436 : 2053
5.882353 : 2147
5.875000 : 846
5.853659 : 2026
5.850000 : 5176
5.842105 : 167
5.842105 : 163
5.836963 : 41 902 1570
5.800000 : 2054
5.781490 : 40 903 1731
5.771739 : 514
5.767442 : 3370
5.750000 : 2050
5.731707 : 2047
5.714286 : 2049
5.714286 : 2048
5.714286 : 2046
5.714286 : 2036
5.696970 : 5931
5.690476 : 2035
5.682927 : 4342
5.658537 : 2031
5.634146 : 4344
5.619048 : 4289
5.619048 : 2045
5.619048 : 2030
5.609756 : 2032
5.600969 : 38 994 2112
5.595238 : 2029
5.581395 : 2028
5.581395 : 2025
5.562500 : 2217
5.558140 : 2027
5.547619 : 4343
5.545455 : 1829
5.500000 : 3271
5.463415 : 2033
5.452381 : 2044
5.425495 : 39 975 2065
5.413043 : 4518
5.407716 : 14 2228 2244
5.405405 : 6036
5.333333 : 3576
5.283019 : 3191
5.282609 : 4560
5.257143 : 2948
5.250000 : 5934
5.114744 : 2894 3088
5.102564 : 5237
5.095238 : 5238
4.978022 : 736
4.959184 : 4559
4.956522 : 291
4.916667 : 543
4.894737 : 1129
4.891892 : 851
4.877551 : 4556
4.782609 : 1585
4.754717 : 4910
4.725000 : 5932
4.710261 : 8 773 1094 1705
4.696970 : 788
4.681818 : 5198
4.613636 : 5207
4.609756 : 5907
4.605263 : 2709
4.577778 : 5150
4.571429 : 2534
4.454545 : 5181
4.422222 : 5141
4.380952 : 2166
4.260870 : 5173
4.250000 : 5812
4.222222 : 1361
4.187500 : 5505
4.181818 : 1481
4.133333 : 606
4.127660 : 600
4.029412 : 2752
3.980392 : 5427
3.936170 : 5810
3.918919 : 2268
3.903846 : 5128
3.888889 : 2576
3.885291 : 1848 2784 2887
3.862579 : 184 1138
3.840000 : 498
3.830189 : 5277
3.725000 : 2878
3.676471 : 2615
3.666667 : 4000
3.631579 : 2356
3.631579 : 1412
3.613843 : 1352 1606
3.605263 : 2407
3.604167 : 5473
3.530612 : 5554
3.513514 : 1410
3.492395 : 13 2245
3.437500 : 5642
3.386364 : 575
3.325000 : 491
3.319865 : 16 1766
3.261538 : 1179 1181
3.150000 : 1141
3.111111 : 3290
3.096154 : 4553
3.038462 : 1082
3.011905 : 15 1768
2.932203 : 1640
2.883333 : 1696
2.883333 : 1689
2.871795 : 3277
2.861111 : 3784
2.839286 : 4508
2.836066 : 1612
2.820513 : 1144
2.795455 : 1625
2.700000 : 2502
2.677419 : 515
2.615385 : 2186
2.600000 : 179
2.547619 : 2235
2.500000 : 2148
2.472222 : 583
2.468085 : 4782
2.407407 : 1079
2.406663 : 3020 3043
2.379310 : 5232
2.344262 : 1607
2.309524 : 783
2.242424 : 2780
2.214286 : 490
2.201426 : 183 1847
2.200000 : 2769
2.150685 : 569
2.105263 : 3839
2.050000 : 2549
2.050000 : 1761
2.047619 : 6095
2.022727 : 159
2.000000 : 1775
1.981132 : 4211
1.977778 : 1018
1.953488 : 1158
1.952381 : 1755
1.909091 : 1161
1.909091 : 1150
1.874157 : 11 2247
1.813953 : 845
1.806667 : 4
1.806452 : 1610
1.806452 : 1558
1.777778 : 611
1.775000 : 459
1.700000 : 5030
1.666667 : 3845
1.661290 : 2663
1.653846 : 6056
1.540000 : 4907
1.538371 : 3 4080 4457
1.534483 : 2082
1.509804 : 4228
1.500000 : 1776
1.500000 : 1080
1.493151 : 567
1.491228 : 4655
1.488372 : 1757
1.487179 : 3740
1.455882 : 6 1111
1.449275 : 2531
1.440678 : 2079
1.435484 : 705
1.400000 : 4503
1.400000 : 2194
1.395349 : 2084
1.372881 : 2075
1.338983 : 2115
1.289855 : 1522
1.285714 : 2740
1.283333 : 2116
1.252525 : 10
1.224490 : 1075
1.192982 : 3998
1.153846 : 158
1.096774 : 6030
1.087719 : 4480
1.070707 : 9
1.030303 : 5949
0.983607 : 2768
0.918919 : 5858
0.903614 : 2791
0.875000 : 2771
0.853659 : 4338
0.820020 : 2 173 2127
0.809524 : 2717
0.777778 : 12
0.772727 : 779
0.739130 : 1759
0.600000 : 5808
0.593023 : 2094
0.548780 : 3748
0.364583 : 793
0.357143 : 5
